matches_list = [(1,2),(1,3),(1,4),(1,5),(1,6),
                (2,1),(2,3),(2,4),(2,5),(2,6),
                (3,1),(3,2),(3,4),(3,5),(3,6),
                (4,1),(4,2),(4,3),(4,5),(4,6),
                (5,1),(5,2),(5,3),(5,4),(5,6),
                (6,1),(6,2),(6,3),(6,4),(6,5)]

matrix_cost = np.array([[0,745,665,929,605,521],
                        [745,0,80,337,1090,315],
                        [665,80,0,380,1020,257],
                        [929,337,380,0,1380,408],
                        [605,1090,1020,1380,0,1010], 
                        [521,315,257,408,1010,0]])